15108
15237
15068
15235
15236
15221
15206
15102
15044
15217
15227
15146
15212
15101
15210
15213
15216
15205
15090
15136
15143
15132
15241
15239
15202
15122
15120
15147
15220
15106
15228
15219
15017
15057
15025
16046
15116
15229
15234
15226
15218
15214
15201
15243
15215
15238
15209
15232
15065
15063
15207
15005
15203
15037
15129
15224
15003
15071
15084
15208
15211
15137
15024
15104
15131
15204
15332
15145
15223
15139
15126
15133
15110
15222
15233
15045
15135
15144
15140
15014
15026
15112
15046
15148
15035
15034
15260
15275
15086
15321
15015
15056
15030
15225
15018
15049
15142
15088
15020
15047
15282
15051
15007
15076
15064
15261
15276
15231
15031
15006
15028
15032
15075
15082
15091
15095
15096
15123
15127
15130
15134
15189
15230
15240
15242
15244
15250
15251
15252
15253
15254
15255
15257
15258
15259
15262
15263
15264
15265
15267
15268
15270
15272
15274
15277
15278
15279
15281
15283
15285
15286
15290
15295
15289